***BM25 Baseline Model Results***
Query101 (docID | Weight):
61780 17.060698233729926
6146 11.694270767784332
22170 11.575945131059992
46547 11.527481057836962
46974 11.527481057836962
82330 11.319802923971865
62325 11.274651939961414
61329 5.679590292218658
22513 5.50655309586202
39496 5.3157782349832425
18586 0
26642 0

Query102 (docID | Weight):
24485 39.55766912600216
47516 34.84355699468876
11922 34.598207015140986
56829 33.91129553035293
16922 33.793661319804485
29911 33.34975333058912
20201 33.29104684187868
30486 33.23057875227419
25699 32.88626901890823
25100 32.77130729493175
58476 29.50019709835703
33203 28.627336953471826

Query103 (docID | Weight):
20159 23.19337896684744
42847 22.199329616067917
2738 21.712499353443413
61141 17.05333332854043
81463 17.00436880655153
27106 16.94618469222757
27426 16.82711318826275
59459 16.768629120809468
83370 16.70233201409853
26432 16.500046601848734
14314 11.723757239177218
72569 11.651268687433392

Query104 (docID | Weight):
29894 33.5840519233382
33172 33.37461124263068
15082 33.25495757847184
29908 33.23680769483974
28662 33.224981762134625
29911 28.146388861576767
11481 28.079193260492097
33203 27.716477754153203
11930 27.646384276386677
11923 27.608915355302912
58755 27.601478950671666
7502 27.578545476973446

Query105 (docID | Weight):
48148 17.567169140729963
49633 17.498674675583956
62213 12.745263805942697
33961 12.47487767842156
80483 11.705470218897297
80484 11.705470218897297
80884 11.705470218897297
59813 6.576307750831983
40239 6.570548041528811
86042 6.098970118595749
86961 6.098970118595749
48587 5.929196188910003

Query106 (docID | Weight):
16841 29.009932790784703
16723 27.903355039743047
73731 17.07557877889292
55891 16.853232046887285
68829 16.815580853544787
35782 16.662035805646607
49023 11.672302503896324
41355 11.537440043005924
6386 11.353710128044852
6409 11.346207683097726
76556 11.324803700791424
41521 11.278846428215859

Query107 (docID | Weight):
77936 17.911720350080255
71157 17.18707642708423
79950 17.07312383859791
59244 17.062223967847412
25590 16.911967989483514
45168 16.803981972372313
86459 11.725807011795624
31404 11.454685692251369
15865 11.428608789386912
20760 11.344291945970358
48098 11.279544356142027
37330 11.164505192635403

Query108 (docID | Weight):
54925 28.287904713976097
54814 28.185449374657754
19961 27.688756664419024
83932 23.31510922689363
49600 22.767147119382727
84272 22.41008146839335
10810 22.293274750897673
49460 22.255977272701056
8780 22.173577426572148
5176 21.944482542318198
5177 21.944482542318198
33970 16.82190636600643

Query109 (docID | Weight):
67717 21.91711995499305
64476 21.898686950971943
23398 16.567174246350476
65289 16.556943287716223
51139 16.429014004190236
61540 16.181784680513356
26073 16.17735569623971
16953 16.124864797673972
82229 15.87504773222997
4933 15.68182195786973
11402 11.245195891156362
58504 11.010590320972234

Query110 (docID | Weight):
72320 22.417003803292396
13264 22.371119479125802
75434 21.991601494132063
38920 17.152358644761314
71167 17.07211742271265
16827 16.83142010210078
53296 16.825303335593773
38356 16.684831408447664
42439 16.675533127442474
6304 16.64607006729537
85147 16.575785179448253
41791 16.430147920839836

Query111 (docID | Weight):
45422 17.578414748347136
46485 17.571061580623347
46968 17.571061580623347
18100 17.217566508644076
18163 17.217566508644076
18164 17.217566508644076
19440 17.136750458323064
18859 17.10558472338993
4157 12.455955256562802
52020 11.317231826646267
27440 11.22343681188275
18798 11.171865251794094

Query112 (docID | Weight):
70466 23.33207860149826
59464 22.948834419985715
85553 22.843020922764126
27128 17.798309496275063
53046 17.60880831047288
81350 17.416063361836255
38383 17.410351147037346
12858 17.345779524252915
48882 17.132574755175057
68780 16.978328324962774
78269 16.897321854189137
78115 16.86083878345565

Query113 (docID | Weight):
40234 34.79882257177292
13690 34.713401861076264
13685 34.10673256552082
17030 33.787839102766576
17217 33.787839102766576
79404 27.872256670879167
25500 27.725192653213277
86541 24.847699747254953
36588 23.036960553792134
76103 21.977134555182914
75767 21.93457438527708
24251 21.90315107468994

Query114 (docID | Weight):
38452 39.26237605422221
18879 28.263573764985736
26700 26.829993966818353
28014 26.775114330456873
25303 26.756723601610123
21110 22.166017516966754
60810 22.082074378719263
55340 21.562987321994243
57956 21.562987321994243
38330 16.31897191367416
58634 16.17019468895444
78708 16.154388835948613

Query115 (docID | Weight):
76605 34.05821593851476
9611 33.20633019852809
43604 27.812053187357485
17078 27.76935914380637
20316 27.76935914380637
79396 27.56034886896169
86068 26.19362443680864
70456 26.157300882533015
79601 26.15587489005443
67715 26.15444986521463
50020 23.55661792738981
5671 22.84676298753851

Query116 (docID | Weight):
22679 27.55467656102081
60110 26.98107131434784
74010 26.812238690494947
82679 22.48774887297894
68716 22.274209429762593
70303 21.511926581494563
81084 20.898665345090755
75243 17.11295316159677
66894 16.761191096077678
52940 16.744801152324754
83284 16.373634116391017
68718 16.31312514200966

Query117 (docID | Weight):
67204 21.621801777284574
79525 21.374375056372216
60811 21.31067903349604
48566 16.229818842916
71102 16.11195115256718
9544 16.053777404227052
21113 15.939738067657874
62586 15.293617672341162
54844 10.527393485135544
81694 10.35491964652417
65692 10.326418175632265
37425 10.255322904419113

Query118 (docID | Weight):
84529 17.688057426411515
9544 17.38224034417624
61677 16.89884873110642
63176 16.767446346686917
20763 16.72176309427007
43241 11.40932684200257
64892 11.331721644207294
35104 11.252910437474998
80908 11.247442060282287
37614 11.215899925378096
57755 11.198528492695893
26058 11.158758822369245

Query119 (docID | Weight):
67199 16.895838632909946
13902 16.832772426625688
82059 16.597594595976915
68177 16.48070971753846
34033 16.393609897594786
51488 16.259974334074606
65019 16.167289950501655
63279 16.135640444199545
62324 10.661328244732431
51080 10.642364354854195
51082 10.642364354854195
64393 10.6230199184297

Query120 (docID | Weight):
48981 16.81600955897657
39184 16.80636736107411
62781 16.745764691878122
15690 16.68562172181021
43393 11.201590301907675
4527 11.117692525361441
12555 11.010435586226762
75135 10.948205320366263
78091 10.940129098558753
78092 10.866896274664157
21067 10.843153813856697
24062 10.83931489707037

Query121 (docID | Weight):
17004 45.31207368948173
13294 45.02071181670966
15074 45.02071181670966
14772 45.019377854387166
75621 44.17791667741428
79669 44.17791667741428
13309 39.23461458478098
16992 34.54784591012226
11445 34.04098822574699
47899 33.98729891029518
7320 33.31630741615769
49980 33.24475059061804

Query122 (docID | Weight):
38244 35.823850406111774
80435 35.23392429598297
54157 34.91719810150654
62470 34.36131863692945
54175 34.03290326919362
77921 29.20357744557043
39922 28.843368968667914
54747 28.1478073710722
53720 23.09985735778917
61734 23.000238328664132
86159 22.518296352361595
86296 22.485719797118517

Query123 (docID | Weight):
37440 23.23425983884759
85953 16.593529521492194
29079 16.223108566551844
20315 16.21205811710116
13485 16.16360971368036
78018 16.144475711038055
26681 16.061895261952696
30089 16.0469487994151
47025 16.039305285101847
55119 11.186326412194976
12873 11.141721598620798
12881 11.141721598620798

Query124 (docID | Weight):
61262 26.754685683431113
19285 26.65058846640851
74036 21.719258261742706
7225 21.525101146838132
4528 21.45798818779592
65604 21.37669980380086
69236 21.006746103669133
25328 16.416375847651402
68716 16.149367980371856
9981 16.097748109274455
30653 16.041961562800537
4546 16.01164049935931

Query125 (docID | Weight):
77381 33.5675417406873
77907 27.280508316965836
69164 22.628772291344447
82519 22.251448266188174
9011 21.77908334087305
7970 21.74168085234387
80922 21.669033610184982
26276 17.336572069105728
79949 16.862617304896432
82106 16.30576261480557
73371 16.17422785097184
82085 11.209840030529268

Query126 (docID | Weight):
4984 32.09573790436096
67522 27.099348918749612
14933 27.031408121177424
86111 26.967251694783467
9384 26.498552878107194
59083 26.489765833072
75770 26.345445590205852
69725 26.30380741877922
60588 26.269700424102908
15228 21.783626719575796
45159 21.117922107962997
80102 21.10681882415774

Query127 (docID | Weight):
10706 28.068985966644433
59095 22.556468321029016
60141 22.556468321029016
67104 16.439354653777983
13519 16.143117414577013
15334 16.143117414577013
40234 11.309737067231325
70010 11.215204698774059
40292 11.16147943631535
75738 11.147777197566835
58487 11.114523451432394
62215 11.079638107381982

Query128 (docID | Weight):
49879 22.75702702901799
3740 22.42782444388113
32366 22.104529271118828
26085 21.919991732807514
26088 21.916138405425976
75201 17.67630672573219
60528 17.42704340202881
64070 17.193642176538177
64033 17.181420255301557
66961 17.153821589288626
4933 16.45892979933235
58476 16.411878469909492

Query129 (docID | Weight):
73475 22.811053440400364
46509 22.40587004526764
72899 22.372524840841088
72826 22.37020417299163
82927 21.950588310867126
86751 17.805321032372703
16900 16.917304883197502
41297 16.824290188959054
83266 16.76955564993971
20126 16.76923737279347
75593 16.765324354161773
75465 16.756849411921745

Query130 (docID | Weight):
75483 33.86410405229134
69863 22.769942594698023
46458 22.686053611990715
18235 22.161953201813454
60528 17.564147209942497
15776 16.855985584880752
70556 16.5377077858801
47530 16.522296491291716
68037 11.30292626795713
11715 11.115551371773462
60483 11.024709188624518
4063 5.551890874069643

Query131 (docID | Weight):
60118 23.056662282530755
59502 23.0063366133709
36601 22.767813349238793
39433 17.286015911915484
77349 17.034819745361343
58957 16.828755337464568
62536 16.82440879107824
28455 16.195100042618602
28440 16.193330190888695
41975 16.107363819151793
63056 11.339240126188145
49907 11.24782257464718

Query132 (docID | Weight):
9843 30.468222428960036
86326 28.782046762209234
67115 28.71293738039758
71676 22.390251776541326
66981 21.768284486595178
7486 18.20893830510235
54492 17.693710977849534
85553 17.65065294261928
48981 17.624367108645178
54214 17.61546318334309
65789 17.589355230026932
83765 17.0243396113176

Query133 (docID | Weight):
71102 45.94085527992509
9544 44.21526317837884
54844 39.26398771391875
84398 38.68289795561188
67204 33.72072256308588
54925 32.71948840604819
54814 32.5618913593427
32575 28.09774641231903
74695 27.88766497138429
57569 27.79073723790816
8780 27.639142139814293
32662 27.599236326532054

Query134 (docID | Weight):
59659 22.865725370619376
58438 17.11047620306863
73337 16.65054915058624
73397 16.582380686449955
26253 11.874753130851868
56579 11.611070889229413
74778 11.175860584888856
12890 10.985034734069018
12892 10.964221619492253
84627 10.954653160333622
75562 10.900109132040686
54608 10.82244415000591

Query135 (docID | Weight):
71894 37.79756533076962
57876 32.92227745892294
42848 32.78093735799405
2738 32.24876066849922
52721 28.036390915620743
86691 28.033143816811826
59518 27.91578637918378
80891 22.44889808354742
31784 22.352464399842248
44221 22.330439602588584
46122 21.90301871243003
49229 21.90301871243003

Query136 (docID | Weight):
8768 17.574878927425956
55797 16.929974039601728
35104 16.741167518726254
55914 11.884237337438233
3610 11.700618942088404
3641 11.698168758495996
11114 11.667977993745907
70629 11.564502897115245
79605 11.477076670184477
41487 11.394134330686466
26322 11.370076635681219
19488 11.241631716630765

Query137 (docID | Weight):
46874 17.163537459427957
49235 17.022918485355675
66879 16.876428591463903
65604 11.875046967886757
85322 11.378968233526042
61252 11.356996055940263
39136 11.2374019215187
81418 11.130166773199113
80107 11.126581523993256
78455 11.07112332819019
82828 11.02152718171715
80039 11.017311193327334

Query138 (docID | Weight):
48174 102.99133014830423
50408 102.98572671604032
20785 90.85045276147935
21089 90.61598257472014
18216 90.31431723145035
18110 90.26054164916121
21088 86.45977015158996
77921 85.0764263468261
22407 85.04914925972685
74775 80.12107392528888
67894 79.75896380350622
20823 79.32029500611495

Query139 (docID | Weight):
71102 33.266064998680235
79525 32.66943488594038
67204 27.557924538547965
58507 27.382961174516332
21113 27.122310032820245
62586 26.547944191083452
9544 21.82821599621833
48566 21.67845280784981
35853 21.483534491922743
79033 21.450364944031058
54844 16.322841990923195
81694 16.115141567484002

Query140 (docID | Weight):
42848 31.867544808653513
44400 28.386664344901202
13065 27.817317913509253
45138 23.2213208023585
36005 22.64760413318858
56423 22.142588842654874
33779 22.093623201092676
35214 22.093623201092676
42862 21.948413330379015
42990 21.948413330379015
40745 21.382340669148316
43139 17.306277749799463

Query141 (docID | Weight):
41320 28.14352505295699
60221 27.660481377452985
60155 27.621246918212613
78720 27.610070955603156
81592 27.536086940517023
62292 27.326729174973526
83332 26.935831441116346
75471 22.122889427350913
55848 21.57258554056873
85236 21.528544782619456
75641 21.46671319448064
52215 21.1100903529364

Query142 (docID | Weight):
38696 22.210552755614106
50474 15.82751147159725
39840 11.715414071660774
53188 11.443906713291025
34410 11.384639979741955
28354 11.364894762144468
7397 11.241783337812445
45201 11.150876505600472
60740 10.963694296365526
9382 10.925273844639992
41614 10.787015744357188
85424 10.636126065401815

Query143 (docID | Weight):
15583 27.49451137189868
16678 27.49451137189868
23698 22.787632589872278
11852 22.531129010729963
60421 22.351352245541204
11744 22.1493591584444
64896 21.814551362272304
3666 21.797039013935315
85188 21.732775286417045
63379 21.609289828026004
75564 21.538872668420076
21265 21.22734655151971

Query144 (docID | Weight):
19705 22.59542742595049
19669 22.41702281165402
27525 22.226808332420756
26578 16.510511416816467
49230 16.34897617256683
26110 11.22111528684322
43899 11.192923106255783
13135 11.123447707009186
24481 11.122228297889443
7359 11.104524068098101
69511 11.059991265251224
47896 11.03919257444456

Query145 (docID | Weight):
82244 18.48572489567409
8169 17.010778256277746
52836 16.930415824136272
16169 16.82834006339037
50193 16.72710531983385
17654 16.704883947463465
14501 16.660456369554275
48364 16.507819477296387
29892 16.469657503463363
29910 16.27360191641197
33155 15.990767862484335
33147 15.908323065463664

Query146 (docID | Weight):
24287 23.347493479090275
12035 23.33985157378827
12196 23.120809029963784
29887 21.256221454162446
29668 20.84852155312332
23687 18.263516842920325
49904 17.897378219996106
12396 17.471239733777484
19557 16.68627946816258
29909 16.26914996209957
19416 16.22329289129175
14541 16.18385018401069

Query147 (docID | Weight):
27441 21.97691347981343
12919 21.960125642668515
13217 21.960125642668515
27911 21.808662690175456
64153 21.75863572863757
27845 21.646367025250342
27921 21.641635098512488
41481 21.54197939360438
45740 21.320809867434996
58800 17.04348974353103
56691 16.332578593580443
77124 16.315149528504694

Query148 (docID | Weight):
31619 17.099325931470315
58009 16.985226623335066
25903 11.782226362967606
84829 11.561410056343863
51453 11.558551664436528
24044 11.31999548370367
61165 11.233153894323113
51260 11.107842642885565
52489 11.104609615566435
83678 10.959502099870027
66895 10.84358399749427
66880 10.842425517757137

Query149 (docID | Weight):
39926 17.3575249692415
25220 16.659472477497275
32400 16.25164571548398
41538 11.389805477846934
39661 11.317419627869688
14196 11.273865761292916
52385 11.072111168593576
25529 11.011824222927968
17390 10.818117437891896
17360 10.799103983276453
62392 5.794231637698597
3936 5.785056812221472

Query150 (docID | Weight):
39907 18.92169784941611
53361 11.541991734374111
19411 11.523323633127603
19420 11.481823532570221
19409 11.475510197452323
19885 11.443608986561685
54538 6.063514290416957
26648 5.559491040614408
64482 5.514645912757984
85997 5.506950005321544
23361 5.4949966470470795
75429 5.396432076819957

