***My_model2 Pseudo Relevance Results***
Query101 (docID | Weight):
61780 49.96876017665038
6146 46.37708715971417
46547 45.81964240308273
46974 45.81964240308273
22170 39.869111297146105
62325 28.140123594095883
63261 22.273657818969635
82330 22.250962828558826
18586 16.32435317504803
61329 11.281183446232468
22513 10.96480132332514
82454 10.770757861425974

Query102 (docID | Weight):
11922 67.39392752174736
24485 67.08187873802085
16922 66.48282508052347
56829 66.113349226145
25100 65.27871400192737
41541 61.1318312575387
30486 60.14321548699738
29908 59.282989001346735
28662 59.258050696038566
12812 59.22205456471714
58476 56.792661961111186
29911 55.46101910762562

Query103 (docID | Weight):
20159 63.84969321110307
42847 61.0936597448733
2738 59.5045266828616
61141 52.33137709398504
59459 34.74061037793435
83370 34.310993256449244
16391 28.790933911031505
79396 28.57380419870572
72569 23.422307337795704
81463 23.314111541504328
27106 23.285022298923817
27426 23.234120391332855

Query104 (docID | Weight):
15082 76.59425254479515
29894 76.42453558417137
33172 75.95029789383938
29908 75.81520026572824
28662 75.76165468532368
11930 70.46845040143862
11923 70.43338434836603
25699 70.38991525554347
35396 70.13476587866131
13313 69.90234434478555
29911 65.9453812742115
11481 65.36640854970759

Query105 (docID | Weight):
48148 67.58721840318563
49633 67.55752679968735
80483 61.31178228351727
80484 61.31178228351727
80884 61.31178228351727
5225 55.68631776855105
5226 55.68631776855105
5004 55.591785896191276
33961 45.84528104778551
2493 44.376460945453644
2494 44.376460945453644
86042 33.32656851051011

Query106 (docID | Weight):
16841 69.65985272071849
16723 68.05871154512457
55891 45.71953361030578
73731 39.659219798093424
41355 39.34535484593089
31281 33.14609904883076
32963 33.123838779625686
32528 32.99148703710229
41521 28.115180388863884
68829 27.949801809158327
70606 27.909110861505876
6399 27.837040081604968

Query107 (docID | Weight):
77936 62.17173596309277
25590 61.455193397236584
79950 56.06478196936048
59244 56.025681583387936
45168 55.49696998282079
71157 50.442528298006536
3169 50.261048810259915
37330 44.90126340733595
31761 44.80821406057092
18529 44.5012228820868
31249 44.36588850195593
31947 44.36588850195593

Query108 (docID | Weight):
54925 72.66297133698075
54814 72.48352716002563
19961 72.40249324731657
49600 61.82223505511787
83932 61.77629519768492
49460 60.798268423130565
67204 48.969383239692746
8780 44.351758014897925
58507 44.170597014983976
5176 44.145146104760116
5177 44.145146104760116
8938 43.53677495399773

Query109 (docID | Weight):
64476 61.07352703988329
67717 61.01824785557904
23398 56.06916511040085
82229 54.12045515123669
65289 50.02383319869714
68812 42.63110977013791
67144 37.3717684289976
62293 36.97282829217039
58582 36.840693454748774
56735 36.840448103887596
25832 33.21547379635665
46566 32.69755443288457

Query110 (docID | Weight):
13264 65.98590710248197
75434 64.94547288526927
71167 60.57113083301859
72320 60.33491206182984
76441 54.47459108917658
26495 53.818636919705355
82908 53.68695365277213
83804 53.48974372934721
78584 53.27167785152964
79565 53.26104809800279
80283 53.15789689313646
75431 52.99270604958943

Query111 (docID | Weight):
45422 73.2772828105495
46485 73.24874786328776
46968 73.24874786328776
18100 73.22183062540127
18163 73.22183062540127
18164 73.22183062540127
18859 73.05241345573897
19440 67.59158219206645
77444 44.52107963954575
78879 44.52107963954575
7776 44.14444489706278
23643 38.96322087529268

Query112 (docID | Weight):
59464 52.95385996408785
27128 52.68792923464427
53046 47.2315777771577
70466 46.893685025824404
85553 41.287248791019735
83201 40.467273091284206
81350 35.31159506951796
78269 34.74865155842096
12858 34.62937211251045
41121 34.435548261697576
85601 34.36825610396482
78115 29.435170001024574

Query113 (docID | Weight):
13690 64.04034692624336
13685 63.06597206289804
17030 62.692967254801324
17217 62.692967254801324
40234 58.841560985373256
36588 45.80147108806086
79404 45.51875778334814
25500 45.03684810520166
24251 39.42066453393271
43262 39.181124450692614
43868 38.65117545619519
47661 33.92486229661587

Query114 (docID | Weight):
25303 60.61784845719953
26700 60.570491636064865
28014 60.45203481897955
18879 51.542344717000596
38452 51.48751555131189
60810 39.270348834584155
58634 38.72946895656852
55340 38.20493413956235
57956 38.20493413956235
16921 33.57342513388528
78708 28.227422455677573
21110 22.76634552573917

Query115 (docID | Weight):
76605 68.07257609019833
9611 67.42266754371519
17078 67.25874549137824
20316 67.25874549137824
70456 48.21157451521626
79601 48.20918773528508
67715 48.20680249921799
86068 48.14121560987481
43604 46.25784582914092
62221 44.65223488164876
65206 42.94688994487325
44554 42.82932632507714

Query116 (docID | Weight):
22679 62.07552685359333
74010 61.637593479524035
60110 60.61584418072856
68716 56.36078587095238
70303 49.02797372099247
68718 45.181990419993284
81084 37.93381795507705
78749 33.46956416016637
83284 33.41981886120341
3541 32.77311732766135
13248 27.716230376796872
49463 27.53496774641673

Query117 (docID | Weight):
67204 54.48688147141077
71102 49.75742594230277
79525 49.350177950838834
21113 48.78839939076645
9544 43.46632858687448
48566 38.4057800003704
60811 38.32885835341054
62586 31.55374412079554
54844 27.105247172224594
37425 26.858232484262988
81694 21.696721728239073
74800 20.905797859639318

Query118 (docID | Weight):
9544 56.63657777046842
61677 55.68305533104977
63176 55.19219388452766
20763 55.15766780791895
64892 38.366728716586664
43173 38.346294965623734
84529 28.721818165591
37614 27.579807820716486
80908 27.573043302974114
2906 27.417337880512033
35104 22.67907176481352
26058 22.304221578498

Query119 (docID | Weight):
13902 61.59196663944369
82059 60.97997259154161
67199 55.45424209030003
68177 54.10329098340879
64393 43.77984802340154
63307 43.36807974578999
62314 38.35542280728679
65019 38.11745699386073
63311 37.761650558109714
36308 37.63539262862525
34033 33.94635700800259
63279 32.94538656995915

Query120 (docID | Weight):
15690 49.49050254025832
48981 40.3177620874884
62781 39.70301967571746
81047 38.44122250379163
43393 34.196553657901724
45819 33.442107325335535
55400 33.16725596229636
24062 33.133815018651816
69633 33.065312712848026
39184 28.918129664448188
16241 27.71405194912342
69629 27.686910831131804

Query121 (docID | Weight):
17004 68.93557391158947
14772 68.928992546833
13294 68.91433612408416
15074 68.91433612408416
75621 67.86966395585722
79669 67.86966395585722
13309 63.03657670844104
14439 56.16555704209675
47899 51.592634924319775
15410 51.58753377846328
14556 51.111110849384595
7289 46.44503231905606

Query122 (docID | Weight):
38244 74.96855550650177
62470 72.64238514495774
54157 62.53693616312469
54175 61.92647463420903
80435 57.13243737614748
54747 50.85974726365413
53720 50.597430457958666
39922 45.205833768562066
68853 43.92978572805924
34274 43.75802915656419
44818 39.71221641465013
69461 38.95910299160352

Query123 (docID | Weight):
37440 52.08038567876453
29079 44.86157274722208
30089 44.455519724152836
13485 39.98609191326845
20315 39.50542751318739
85953 33.73219327623095
10515 33.47301997618114
47025 33.44308352259875
26681 33.44232077561539
48360 33.06821418775487
70379 28.014163748024018
47027 27.663105735188033

Query124 (docID | Weight):
19285 59.277726574870854
4528 54.27419438779346
61262 54.01771573997539
74036 49.03888109134968
69236 48.84325309957737
65604 48.815916035042775
4546 48.322874138963094
9981 48.121519710224284
14377 48.05315625393038
46194 47.525622542203855
7225 43.74055672401423
30653 43.06391705322197

Query125 (docID | Weight):
77381 82.48153253592999
77907 75.66250793868035
69164 70.97401434366195
82519 70.63091673841267
80922 69.85870754777385
82106 64.94366886994062
69142 59.49290853545816
82085 59.26225821452154
9011 54.41160480397145
7970 54.338888388390174
26276 49.32167006281497
71111 43.35974190595421

Query126 (docID | Weight):
4984 64.60757127479758
14933 60.98085140243772
86111 60.95002533730795
67522 55.434107279080465
71223 55.19466003757175
59083 54.72417757305755
56499 54.60245994198149
76216 49.116914590310316
9384 44.210359564836075
38191 44.14006762578327
6940 43.895779453566355
45159 38.29981206126566

Query127 (docID | Weight):
10706 76.96880133647525
59095 71.50966536544804
60141 71.50966536544804
67104 65.57121341423645
13519 59.27946554798633
15334 59.27946554798633
26026 48.85404592974669
26144 48.85404592974669
68825 43.905733411123116
58487 37.767495043296194
62215 37.76063068910289
62401 32.98315982679377

Query128 (docID | Weight):
49879 66.81429208420411
26085 66.54657605141044
26088 66.53428447275412
32366 55.88718773855457
4933 55.307408839099786
3972 54.68497683356391
13342 54.571563867350264
24515 48.82720765553022
22751 44.26009092785324
16343 44.17253659000609
15875 44.125209450846185
26598 43.859228497829

Query129 (docID | Weight):
73475 60.82269191721269
46509 60.43338593127776
72899 60.16354529774996
72826 59.86716780273228
75465 55.020843627946284
75593 54.88986474781074
82927 53.7041513634629
75590 49.229699601140176
58611 49.08548524044437
58426 48.902375556210025
83958 48.83086682682036
83312 48.80340324186933

Query130 (docID | Weight):
75483 73.17487464526675
69863 57.48269413690983
18235 56.77488444891801
46458 56.26753918532104
70556 45.56606581978097
60528 40.562700125789696
15776 39.84397164398086
47530 38.28954531555601
68037 28.25334819061604
70456 27.04829969213248
11715 22.623380688665478
60483 11.625037197396933

Query131 (docID | Weight):
60118 68.51289631118121
59502 68.41344253089056
36601 67.45419357751324
58957 62.29744284493388
77349 56.52559251980457
62536 39.72384207514603
31515 39.09002407105516
63056 33.22601970726908
28455 32.84397494483735
28440 32.84175814414517
41975 32.33957222928717
39433 28.730642347709594

Query132 (docID | Weight):
86326 67.37953181250646
71676 60.8289361487343
67115 56.3081938863627
66981 54.16542259027955
9843 52.82115607674315
65683 48.755271612696326
66987 47.94689045828037
78520 43.81428454854224
82634 43.72999833745628
65677 43.71897178588843
69276 43.71605808726264
83765 43.64583835100198

Query133 (docID | Weight):
71102 69.21968855774216
54844 67.92817922675744
9544 67.80669477904365
67204 61.45191303600444
54925 60.70829012483023
54814 60.66544338534625
84398 56.80450849517118
8780 50.265766178191754
58507 49.65362779552774
74695 39.740521277593835
64967 39.58868687140324
32575 39.502437165642924

Query134 (docID | Weight):
58438 60.81062183610546
26253 56.37770437966319
75562 49.741159193636506
3169 49.72521786277436
73337 44.12986877533453
73397 39.34764379292915
43806 38.59206859721846
13142 37.9654605937205
74790 37.460596758531686
69112 32.826299363790696
66785 32.81032877946478
74917 32.55375171744516

Query135 (docID | Weight):
71894 82.21753943819586
57876 77.19759591510166
42848 77.07161561273334
2738 76.64901152481428
52721 71.93700311854015
42847 65.34414961040919
59518 60.710888561750885
46122 54.54584675905421
49229 54.54584675905421
65311 54.52197555483626
65501 54.52197555483626
82689 49.27304102543786

Query136 (docID | Weight):
55797 73.25056869165326
8768 73.11811176048758
35104 72.94771669483794
55914 67.86892315827573
3610 67.63817903121199
3641 61.829012002876624
54695 50.171270412182864
46422 50.12606538610114
41487 44.22551748924677
60305 43.63360370123843
60227 43.43101958271395
58438 32.63231838259031

Query137 (docID | Weight):
46874 57.3783116499901
65604 45.09989994518749
4650 39.89636510126912
66879 39.72609169601785
82828 39.25830749938143
85322 34.339047299383324
81444 33.0809583056977
78455 32.926511508163934
49235 29.252106351459744
74200 28.67932311286209
21644 28.41057542917794
39136 28.409937964678015

Query138 (docID | Weight):
48174 130.6209618334918
50408 130.61377614551498
20785 118.36593807234911
18216 118.34799203744076
18110 118.30564838516456
21089 118.10665957217883
21088 109.2826559422495
22407 107.56270042492703
20823 107.15389022360527
22692 107.15389022360527
20837 106.9605013292202
22446 106.9605013292202

Query139 (docID | Weight):
71102 56.86075834033321
21113 55.853090206954725
67204 55.23942814948914
79525 50.6880542172702
58507 50.141113621902456
62586 43.133638915886074
9544 38.68594413294355
48566 33.64670248687731
37425 32.618146127780506
35853 27.686674692980937
54844 27.65820876655375
79033 22.350856957189684

Query140 (docID | Weight):
42848 68.6470800376758
13065 67.34778867852569
40745 53.69678840672252
45138 52.27565502355937
36005 51.428863893581614
42862 50.34599247801909
42990 50.34599247801909
33779 45.02644107356336
35214 45.02644107356336
56423 44.93843000035224
18151 44.92915448102123
18393 44.92915448102123

Query141 (docID | Weight):
81592 73.25613204348689
60221 72.90664521303201
60155 72.8430669017923
41320 72.71501896999179
78720 61.50109052574223
83332 54.846527160318914
75471 50.49610316843916
83965 49.98239336614053
62292 49.26172861935072
75641 49.2390300120725
85236 44.31976854079117
55848 43.83093569878695

Query142 (docID | Weight):
50474 58.93091176897201
34410 56.723766787629316
38696 55.87975204876467
9382 39.50192589765311
53188 39.0057271804345
85424 32.71522520019932
7397 28.768575222392176
86201 27.534416965966095
39840 22.599627829334302
45201 22.1892526643556
19908 21.929452032778773
6158 21.535556980272816

Query143 (docID | Weight):
15583 71.89382237785603
16678 71.89382237785603
11852 67.0700739817749
60421 61.44765476124133
63379 49.037651779522605
77430 48.327565968758975
77431 48.327565968758975
78628 48.1881573693367
64896 43.687570846793264
21673 43.1925565269737
21265 42.72764004128012
11690 38.78541873280453

Query144 (docID | Weight):
19669 72.62074103793523
19705 72.5508696809683
49230 64.9339998320186
27525 60.956093899669305
26578 60.287980585762845
24481 49.86744278936949
30016 44.43635853562098
24598 44.16867476856231
24483 43.67938888156121
14752 43.14008185629278
26110 39.214371241003406
12855 38.29345612278612

Query145 (docID | Weight):
16169 54.457493211508144
8169 50.4226975149719
14501 49.11728508912369
48364 48.83360706589697
29196 48.832745884319095
28622 48.76638900872924
17278 48.58745771578884
17361 48.1760684703164
52836 44.531861498320545
50193 43.71080590775748
29910 43.70213202220968
17317 43.55096068664386

Query146 (docID | Weight):
29887 64.06200111106492
24287 61.18096871173836
12035 56.1243968506459
12196 55.589561404508714
29668 52.90903564201475
29909 49.002592665497495
19557 42.938876615029294
29889 42.711017232546475
12476 42.12271142297135
12396 39.47576739139009
83863 37.621577416888684
19416 37.580368944695174

Query147 (docID | Weight):
12919 54.97236434271321
13217 54.97236434271321
27911 50.13742677402596
27441 50.075470033928426
10397 48.289661187083034
10398 48.289661187083034
17450 44.45876196591747
64153 44.067620882123265
29928 44.065944921878696
27845 44.05296975163083
75754 44.02969249932761
29922 43.744329285993686

Query148 (docID | Weight):
31619 62.296045735693035
58009 61.72040475287772
84829 51.597299925722666
51453 51.11902814044061
8622 44.86072791686416
9133 44.86072791686416
24044 39.00947800175957
51260 28.078397327441436
52489 28.06936320023586
66895 21.667764406839844
66880 21.665332492023612
60154 21.35537039016938

Query149 (docID | Weight):
39926 66.46057835503238
25220 65.93083948093106
39661 56.24110211306409
41538 55.256214260109964
52385 42.940896348836375
14196 38.36641411429304
56129 32.58565224732322
3936 28.298796941929567
32400 27.469205808178565
34498 21.51023381822371
25529 16.961809723499897
62392 16.91176578937999

Query150 (docID | Weight):
19420 56.37886225027205
19411 56.29942440315519
39907 51.96188907145067
19409 50.59955007657517
78572 42.44889085063451
78574 42.23679836378126
19885 39.55488084907314
75429 37.46530901307047
78580 37.17649009293806
83267 37.06247624063579
75431 37.05901761692476
3148 32.3961351252009

