***IR-based Model Results***
Query101 (docID | Weight):
77909 5.308853191362457
18586 3.1354942159291497
26642 3.1354942159291497
39496 3.1354942159291497
61329 3.1354942159291497
61780 3.1354942159291497
22513 2.4423470353692043
6146 2.4423470353692043
81463 2.4423470353692043
82454 2.4423470353692043
80950 2.03688192726104
83167 2.03688192726104

Query102 (docID | Weight):
13342 5.293304824724492
22858 5.293304824724492
33188 5.293304824724492
37078 5.293304824724492
3835 5.293304824724492
39349 5.293304824724492
3976 5.293304824724492
47516 5.293304824724492
48805 5.293304824724492
6534 5.293304824724492
71368 5.293304824724492
73614 5.293304824724492

Query103 (docID | Weight):
27426 4.1588830833596715
29311 4.1588830833596715
39658 4.1588830833596715
68724 4.1588830833596715
9117 4.1588830833596715
9272 4.1588830833596715
14314 3.4657359027997265
2738 3.4657359027997265
42847 3.4657359027997265
71622 3.4657359027997265
81463 3.4657359027997265
21894 3.060270794691562

Query104 (docID | Weight):
11481 5.267858159063328
13342 5.267858159063328
20199 5.267858159063328
37078 5.267858159063328
3835 5.267858159063328
39349 5.267858159063328
3976 5.267858159063328
54762 5.267858159063328
6534 5.267858159063328
71368 5.267858159063328
73614 5.267858159063328
17587 4.574710978503383

Query105 (docID | Weight):
28198 3.6109179126442243
33961 3.6109179126442243
48587 3.6109179126442243
50202 3.6109179126442243
80118 3.6109179126442243
51493 2.917770732084279
64966 2.917770732084279
65210 2.917770732084279
48148 2.512305623976115
49633 2.512305623976115
15744 2.224623551524334
86042 2.224623551524334

Query106 (docID | Weight):
16723 4.547077710285957
19526 3.784189633918261
3648 3.784189633918261
51441 3.784189633918261
6399 3.784189633918261
67135 3.784189633918261
16841 3.091042453358316
70619 3.091042453358316
75558 3.091042453358316
25029 2.6855773452501515
49023 2.6855773452501515
73731 2.6855773452501515

Query107 (docID | Weight):
25590 4.110873864173311
28185 4.110873864173311
41791 4.110873864173311
48098 4.110873864173311
51576 4.110873864173311
52237 4.110873864173311
59521 4.110873864173311
61532 4.110873864173311
66686 4.110873864173311
77936 4.110873864173311
17930 3.417726683613366
18552 3.417726683613366

Query108 (docID | Weight):
49460 3.970291913552122
49709 3.970291913552122
54925 3.970291913552122
57755 3.970291913552122
58507 3.970291913552122
63369 3.970291913552122
79295 3.970291913552122
83932 3.970291913552122
8780 3.970291913552122
26058 3.2771447329921766
5176 3.2771447329921766
5177 3.2771447329921766

Query109 (docID | Weight):
15776 3.6888794541139363
29314 3.6888794541139363
51139 3.6888794541139363
58651 3.6888794541139363
65289 3.6888794541139363
11402 2.995732273553991
16575 2.995732273553991
24340 2.995732273553991
4933 2.995732273553991
51841 2.995732273553991
29729 2.5902671654458267
62293 2.5902671654458267

Query110 (docID | Weight):
16827 4.51085950651685
25590 4.51085950651685
41791 4.51085950651685
6304 4.51085950651685
64271 4.51085950651685
71167 4.51085950651685
75435 4.51085950651685
79578 4.51085950651685
18552 3.817712325956905
23408 3.817712325956905
30597 3.817712325956905
75434 3.817712325956905

Query111 (docID | Weight):
27440 3.9512437185814275
54771 3.9512437185814275
73312 3.9512437185814275
8928 3.9512437185814275
13057 3.258096538021482
19990 3.258096538021482
23643 3.258096538021482
39303 3.258096538021482
49617 3.258096538021482
66338 3.258096538021482
45422 2.8526314299133175
46485 2.8526314299133175

Query112 (docID | Weight):
18250 4.04305126783455
22002 4.04305126783455
27128 4.04305126783455
27209 4.04305126783455
42641 4.04305126783455
48882 4.04305126783455
58748 4.04305126783455
69471 4.04305126783455
70466 4.04305126783455
78125 4.04305126783455
83201 4.04305126783455
83304 4.04305126783455

Query113 (docID | Weight):
18151 4.219507705176107
23253 4.219507705176107
36580 4.219507705176107
36588 4.219507705176107
38335 4.219507705176107
67983 4.219507705176107
76103 4.219507705176107
78846 4.219507705176107
81997 4.219507705176107
24251 3.5263605246161616
25500 3.5263605246161616
43200 3.5263605246161616

Query114 (docID | Weight):
18879 3.2188758248682006
20834 3.2188758248682006
28789 3.2188758248682006
58581 3.2188758248682006
84591 3.2188758248682006
16921 2.5257286443082556
25303 2.5257286443082556
34622 2.5257286443082556
38452 2.5257286443082556
58634 2.5257286443082556
5723 2.120263536200091
60810 2.120263536200091

Query115 (docID | Weight):
46714 3.828641396489095
75452 3.828641396489095
17078 3.1354942159291497
20316 3.1354942159291497
38068 3.1354942159291497
52066 3.1354942159291497
53345 3.1354942159291497
57152 3.1354942159291497
79396 3.1354942159291497
35782 2.7300291078209855
61561 2.7300291078209855
62221 2.7300291078209855

Query116 (docID | Weight):
20188 3.828641396489095
22679 3.828641396489095
24911 3.828641396489095
32034 3.828641396489095
51927 3.828641396489095
72816 3.828641396489095
73431 3.828641396489095
74010 3.828641396489095
76422 3.828641396489095
82679 3.828641396489095
83284 3.828641396489095
49575 3.1354942159291497

Query117 (docID | Weight):
21113 2.5649493574615367
48566 2.5649493574615367
54844 2.5649493574615367
60811 2.5649493574615367
62586 2.5649493574615367
74800 2.5649493574615367
81694 2.5649493574615367
37425 1.8718021769015913
67204 1.8718021769015913
71102 1.8718021769015913
79525 1.466337068793427
9544 1.466337068793427

Query118 (docID | Weight):
33112 3.4657359027997265
49709 3.4657359027997265
57755 3.4657359027997265
63176 3.4657359027997265
13367 2.772588722239781
37614 2.772588722239781
43241 2.772588722239781
63369 2.772588722239781
64892 2.772588722239781
20763 2.367123614131617
26058 2.367123614131617
47129 2.367123614131617

Query119 (docID | Weight):
26074 3.258096538021482
62324 3.258096538021482
68177 3.258096538021482
63307 2.5649493574615367
63311 2.5649493574615367
51488 1.8718021769015913
64393 1.8718021769015913
65942 1.8718021769015913
13902 1.1786549963416462
35105 1.1786549963416462
36308 1.1786549963416462
62314 1.1786549963416462

Query120 (docID | Weight):
21067 3.9889840465642745
21903 3.9889840465642745
23601 3.9889840465642745
71759 3.9889840465642745
75338 3.9889840465642745
81047 3.9889840465642745
22769 3.295836866004329
45819 3.295836866004329
49288 3.295836866004329
75135 3.295836866004329
32907 2.8903717578961645
15690 2.6026896854443837

Query121 (docID | Weight):
14772 4.394449154672439
25392 4.394449154672439
29645 4.394449154672439
45050 4.394449154672439
50029 4.394449154672439
75327 4.394449154672439
81408 4.394449154672439
9384 4.394449154672439
17004 3.7013019741124933
17787 3.7013019741124933
20858 3.7013019741124933
29520 3.7013019741124933

Query122 (docID | Weight):
13984 4.248495242049359
16877 4.248495242049359
61721 4.248495242049359
67794 4.248495242049359
68865 4.248495242049359
77921 4.248495242049359
80435 4.248495242049359
29942 3.5553480614894135
38244 3.5553480614894135
69428 3.5553480614894135
77971 3.5553480614894135
53615 3.1498829533812494

Query123 (docID | Weight):
30089 3.9318256327243257
70379 3.9318256327243257
78194 3.9318256327243257
85067 3.9318256327243257
9382 3.9318256327243257
29079 3.2386784521643803
46933 3.2386784521643803
5075 3.2386784521643803
55119 3.2386784521643803
42609 2.833213344056216
42697 2.833213344056216
47085 2.833213344056216

Query124 (docID | Weight):
53830 3.4965075614664802
7225 3.4965075614664802
74036 3.4965075614664802
65633 2.803360380906535
68716 2.803360380906535
68718 2.803360380906535
79988 2.803360380906535
9981 2.803360380906535
20350 2.1102132003465894
2725 2.1102132003465894
2345 1.8870696490323797
2346 1.8870696490323797

Query125 (docID | Weight):
26276 3.58351893845611
63141 3.58351893845611
77907 3.58351893845611
22472 2.8903717578961645
28549 2.8903717578961645
69164 2.8903717578961645
71111 2.8903717578961645
71913 2.8903717578961645
82085 2.8903717578961645
82106 2.8903717578961645
69142 2.4849066497880004
73371 2.4849066497880004

Query126 (docID | Weight):
15228 3.367295829986474
45159 3.367295829986474
60588 3.367295829986474
78479 3.367295829986474
9384 3.367295829986474
80102 2.6741486494265287
75770 1.575536360758419
4984 1.421385680931161
83225 0.8023464725249373
14933 0.371563556432483
19953 0.371563556432483
22250 0.371563556432483

Query127 (docID | Weight):
40234 3.4657359027997265
40292 3.4657359027997265
67104 3.4657359027997265
13519 2.772588722239781
15334 2.772588722239781
26026 2.772588722239781
26144 2.772588722239781
56741 2.772588722239781
59087 2.772588722239781
48267 2.367123614131617
10706 2.0794415416798357
68825 2.0794415416798357

Query128 (docID | Weight):
13342 3.9318256327243257
27215 3.9318256327243257
3972 3.9318256327243257
65394 3.9318256327243257
75591 3.9318256327243257
26085 3.2386784521643803
26088 3.2386784521643803
56170 3.2386784521643803
80709 3.2386784521643803
80893 3.2386784521643803
15875 2.833213344056216
16343 2.833213344056216

Query129 (docID | Weight):
11669 4.276666119016055
31459 4.276666119016055
35148 4.276666119016055
46494 4.276666119016055
46509 4.276666119016055
55197 4.276666119016055
64275 4.276666119016055
67400 4.276666119016055
72895 4.276666119016055
82927 4.276666119016055
85393 4.276666119016055
16900 3.58351893845611

Query130 (docID | Weight):
47530 3.1780538303479458
60483 3.1780538303479458
60528 3.1780538303479458
69863 3.1780538303479458
70556 3.1780538303479458
75483 3.1780538303479458
68037 2.4849066497880004
73550 2.4849066497880004
18235 2.0794415416798357
46458 2.0794415416798357
15776 1.791759469228055
11352 0.5389965007326869

Query131 (docID | Weight):
14855 3.4339872044851463
26568 3.4339872044851463
31515 3.4339872044851463
36601 3.4339872044851463
73034 3.4339872044851463
77349 3.4339872044851463
80756 3.4339872044851463
28455 2.740840023925201
31504 2.740840023925201
40119 2.3353749158170367
41857 2.3353749158170367
16170 2.0476928433652555

Query132 (docID | Weight):
28202 4.634728988229636
55419 4.634728988229636
65789 4.634728988229636
67115 4.634728988229636
68719 4.634728988229636
69279 4.634728988229636
69307 4.634728988229636
81732 4.634728988229636
86229 4.634728988229636
9843 4.634728988229636
72888 3.9415818076696905
30846 3.5361166995615263

Query133 (docID | Weight):
35853 3.8501476017100584
37672 3.8501476017100584
54844 3.8501476017100584
54925 3.8501476017100584
58507 3.8501476017100584
62187 3.8501476017100584
62586 3.8501476017100584
74652 3.8501476017100584
81694 3.8501476017100584
86304 3.8501476017100584
8780 3.8501476017100584
28762 3.1570004211501135

Query134 (docID | Weight):
10616 3.4339872044851463
12890 3.4339872044851463
15065 3.4339872044851463
54608 3.4339872044851463
56579 3.4339872044851463
5870 3.4339872044851463
69112 3.4339872044851463
73337 3.4339872044851463
14567 2.740840023925201
43806 2.740840023925201
49545 2.740840023925201
58438 2.740840023925201

Query135 (docID | Weight):
44221 3.367295829986474
59518 3.367295829986474
68756 3.367295829986474
86691 3.367295829986474
2738 2.268683541318364
42847 2.268683541318364
42848 2.268683541318364
46122 2.268683541318364
49229 2.268683541318364
78305 2.268683541318364
57876 1.9810014688665833
65465 1.9810014688665833

Query136 (docID | Weight):
59914 5.308853191362457
12740 3.828641396489095
15404 3.828641396489095
25956 3.828641396489095
26322 3.828641396489095
34428 3.828641396489095
55797 3.828641396489095
72605 3.828641396489095
79605 3.828641396489095
84892 3.828641396489095
9473 3.828641396489095
52913 3.1354942159291497

Query137 (docID | Weight):
13233 3.912023005428146
15811 3.912023005428146
30868 3.912023005428146
39136 3.912023005428146
47449 3.912023005428146
49674 3.912023005428146
51789 3.912023005428146
55560 3.912023005428146
62388 3.912023005428146
63616 3.912023005428146
66879 3.912023005428146
81444 3.912023005428146

Query138 (docID | Weight):
20785 4.584967478670572
2552 4.584967478670572
30182 4.584967478670572
50734 4.584967478670572
62620 4.584967478670572
77971 4.584967478670572
21089 3.8918202981106265
67787 3.8918202981106265
67894 3.8918202981106265
22894 3.4863551900024623
5014 3.4863551900024623
56066 3.4863551900024623

Query139 (docID | Weight):
21113 3.044522437723423
35853 3.044522437723423
37425 3.044522437723423
48566 3.044522437723423
5166 3.044522437723423
54844 3.044522437723423
58507 3.044522437723423
62586 3.044522437723423
81694 3.044522437723423
41231 2.3513752571634776
50076 2.3513752571634776
67204 2.3513752571634776

Query140 (docID | Weight):
40745 4.07753744390572
42848 4.07753744390572
77763 4.07753744390572
82249 4.07753744390572
11288 3.3843902633457743
16137 3.3843902633457743
36005 3.3843902633457743
42862 3.3843902633457743
42990 3.3843902633457743
66336 3.3843902633457743
18151 2.9789251552376097
18393 2.9789251552376097

Query141 (docID | Weight):
25765 4.02535169073515
27814 4.02535169073515
35053 4.02535169073515
39972 4.02535169073515
41320 4.02535169073515
58514 4.02535169073515
62213 4.02535169073515
85214 4.02535169073515
86878 4.02535169073515
28710 3.332204510175204
39304 3.332204510175204
47192 3.332204510175204

Query142 (docID | Weight):
26011 3.332204510175204
28354 3.332204510175204
50474 3.332204510175204
53188 3.332204510175204
54716 3.332204510175204
62306 3.332204510175204
68798 3.332204510175204
83869 3.332204510175204
85424 3.332204510175204
34410 2.6390573296152584
38696 2.6390573296152584
45201 2.6390573296152584

Query143 (docID | Weight):
11744 3.9512437185814275
21077 3.9512437185814275
41351 3.9512437185814275
44232 3.9512437185814275
72134 3.9512437185814275
85188 3.9512437185814275
11690 3.258096538021482
20778 3.258096538021482
21673 3.258096538021482
28717 3.258096538021482
29116 3.258096538021482
2977 3.258096538021482

Query144 (docID | Weight):
81949 4.373078813235428
11633 3.912023005428146
13135 3.912023005428146
14752 3.912023005428146
3364 3.912023005428146
39972 3.912023005428146
44236 3.912023005428146
49230 3.912023005428146
67280 3.912023005428146
7359 3.912023005428146
81347 3.912023005428146
12579 3.2188758248682006

Query145 (docID | Weight):
17371 4.553876891600541
26068 4.553876891600541
29684 4.553876891600541
41447 4.553876891600541
44236 4.553876891600541
45707 4.553876891600541
69370 4.553876891600541
7057 4.553876891600541
17689 3.8607297110405954
32232 3.8607297110405954
35017 3.8607297110405954
35545 3.8607297110405954

Query146 (docID | Weight):
12035 3.4657359027997265
12196 3.4657359027997265
23687 3.4657359027997265
24287 3.4657359027997265
72072 3.4657359027997265
19416 2.772588722239781
19877 2.772588722239781
29668 2.772588722239781
49904 2.772588722239781
58000 2.772588722239781
9717 2.772588722239781
29887 2.367123614131617

Query147 (docID | Weight):
23293 4.127134385045092
27845 4.127134385045092
41481 4.127134385045092
44101 4.127134385045092
45740 4.127134385045092
64694 4.127134385045092
73146 4.127134385045092
12919 3.4339872044851463
13217 3.4339872044851463
56691 3.4339872044851463
58581 3.4339872044851463
63415 3.4339872044851463

Query148 (docID | Weight):
60154 4.746501725025354
60224 4.746501725025354
37202 3.4965075614664802
60293 3.4965075614664802
75183 3.4965075614664802
75205 3.4965075614664802
85759 3.4965075614664802
25903 2.803360380906535
51453 2.803360380906535
66880 2.803360380906535
84829 2.803360380906535
85663 2.803360380906535

Query149 (docID | Weight):
14196 3.258096538021482
30390 3.258096538021482
30943 3.258096538021482
39661 3.258096538021482
40427 3.258096538021482
56129 3.258096538021482
72985 3.258096538021482
17360 2.5649493574615367
17390 2.5649493574615367
33589 2.5649493574615367
41792 2.5649493574615367
80308 2.5649493574615367

Query150 (docID | Weight):
19420 3.9318256327243257
23361 3.9318256327243257
26648 3.9318256327243257
39907 3.9318256327243257
50614 3.9318256327243257
53361 3.9318256327243257
64482 3.9318256327243257
75435 3.9318256327243257
79565 3.9318256327243257
80283 3.9318256327243257
19885 3.2386784521643803
85997 3.2386784521643803

